TempChange, PPMChange
-0.03,0.93 
0.06,0.73
0.03,0.81
0.05,0.54
-0.20,0.63
-0.11,0.42
-0.06,1.33
-0.02,0.81
-0.08,0.87
0.05,1.57
0.03,1.06
-0.08,0.64
0.01,1.14
0.16,2.22
-0.07,0.51
-0.01,0.94
-0.10,0.9
0.18,1.81
0.07,1.57
0.16,1.43
0.26,1.92
0.32,1.36
0.14,1.36
0.31,1.67
0.16,1.72
0.12,1.48
0.18,1.26
0.32,1.7
0.39,2.38
0.27,1.51
0.45,1.25
0.40,1.25
0.22,0.84
0.23,0.67
0.32,1.75
0.45,2.01
0.33,1.77
0.46,1.14
0.61,2.96
0.38,1.7
0.39,1.17
0.53,1.61
0.63,2.13
0.62,2.53
0.53,1.72
0.67,2.28
0.63,2.11
0.66,1.93
0.54,1.81
0.65,1.81
0.72,2.46
0.61,1.75
0.65,2.21
0.67,2.68
0.74,2.07
0.89,2.2
1.01,3.4
0.92,2.35
0.84,1.96
0.97,2.94
1.02,2.58
0.84,2.21
